84.6933336478
-30.1500130493
132.929006269
-15.8007256994
219.821982688
-17.3236473091
264.17468072
-25.5252888031
309.854746923
-62.7049802122
372.804679448
-110.317313443
445.732823599
-172.540055797
481.125407957
-214.674807254
503.773172568
-239.703127896
517.441646884
-248.216621848
534.103188973
-250.608897798
535.450932312
-212.668964893
517.061273552
-156.161588621
498.835941692
-92.1959804118
477.346960001
-48.6753792719
458.876263895
-18.2369568102
387.42885739
13.4473202917
332.992685326
21.6365977164
268.025306505
54.3427709613
191.504961588
120.332731125
138.264925927
203.959409445
99.1760812154
257.377458391
74.3084927693
278.750035152
18.029269758
294.322824874
-34.8461071302
297.585419957
-74.0526288123
324.973140091
-97.0961712786
349.939843014
-137.634727859
378.005236883
-185.548528255
394.560298079
-219.213280161
416.507582928
-248.778587602
439.325166236
-296.740337374
474.181371564
-326.802730324
476.932989213
-350.566042241
440.873746548
-388.84601627
398.423377185
-439.235558559
335.145707544
-473.863749226
290.873645395
-453.133914818
236.92810265
-428.786298855
197.444896434
-396.491961496
157.404818217
-357.628892455
93.3776197125
-322.642344901
52.4014223121
-270.667602284
37.2208164741
-240.586156175
37.8185378974
-208.887365518
24.1306021187
-176.367423391
-5.0604116381
-152.235347154
-37.4202202708
-100.816275698
-93.0701825045
-48.25445663
-133.446400747
-24.9673239912
-141.462545772
13.3671315431
-103.569300749
