81.6859441436
-32.5642502413
91.0550507383
-25.9149723223
121.146414699
-20.0301940219
183.299340993
-18.3273951668
224.427117198
-18.0478979717
254.554025279
-22.8950236691
289.15198232
-43.1253433465
345.070941047
-90.2133294469
406.471139444
-141.718894366
440.027909879
-169.592423797
472.561534499
-203.103225937
490.395488161
-225.423934211
502.927545808
-238.38921094
509.777398345
-243.863444467
537.979055309
-245.147789313
530.875932907
-209.151184147
521.128894133
-156.69553104
495.806328027
-78.0118199551
471.525054886
-37.8965635079
442.012134364
-9.96176160585
389.796080832
10.1147133045
341.249707108
20.3223350656
268.298063268
54.2842747617
192.370067898
122.292671601
147.452084301
192.862536181
101.430245001
251.718425249
41.4481231106
287.532489729
-13.8689141827
291.868873563
-52.8074510653
306.603731601
-122.149719007
361.929809408
-232.032887112
428.332421983
-296.054452108
475.659431179
-346.16308347
449.497185049
-430.01679319
348.259662435
-459.410103398
308.492382238
-472.111675822
282.184610727
-468.206632085
257.257826773
-425.745608034
189.875982864
-362.796017636
100.010570444
-333.588776132
58.4875777302
-307.107254398
45.4669571242
-255.021626675
39.3442862827
-212.385186574
27.1328126809
-177.289670557
-5.6325663148
-154.310591687
-37.0372697359
-126.473385808
-68.3171190202
-71.3366934786
-117.733038489
-29.0808424125
-139.207593236
11.565169224
-110.750427808
32.6216528975
-70.2053845488
74.7256125713
-39.4243593826
